1004033
1000963
1011717
62982
1010695
1012742
51214
1012238
1012752
1000978
1011219
52247
1012248
12313
1006616
1001496
54300
1005084
1011742
29720
10274
1012771
1008163
1012260
1005096
1011241
1012266
51756
1003060
1012792
1011256
2108
1012797
17473
1012297
1009737
1007689
591
1011791
6738
1012306
1006165
1002070
1005654
1012312
1007705
12378
1012310
7254
1012315
7264
31330
28778
1011307
1012332
1002094
1008241
1001075
1005171
50296
61562
1011323
1005179
30846
6782
1010303
1006724
1011845
1012871
7306
34960
1012371
1012887
1007769
1009309
60575
1003172
1011889
1008820
1006261
1012410
1007293
7358
7361
1004743
1008848
1012432
1012435
1005780
2261
1008856
1012441
1012442
1012446
1010398
1010401
55521
1008868
6373
1010417
7410
1010422
1012983
20731
1010939
1011454
15616
3842
25086
1012999
1003271
1012490
10507
6925
6414
1007887
1012498
61204
6934
13590
1007384
1008921
796
6439
1012520
1013033
1012521
1002793
1010991
1010994
1004862
16704
1013058
1004354
1012554
1013068
1012556
1011026
1011541
1007446
1011030
1006424
1012057
62299
50525
1007965
1012065
1013090
1007459
1011557
1012581
3432
50539
1005931
1012587
1013106
1012084
1012087
1013112
1011579
26492
1007997
1011711
1012095
1011584
1011585
1011586
1005955
7559
1012617
1012619
3984
1011089
1008017
1001877
1012633
1007514
1012123
1012124
1011101
7582
1012639
7072
1003425
1011618
1010082
1012129
1010599
1008553
1012649
1011114
1001389
1002927
27571
1009588
33717
7606
18871
16825
62911
1012174
1000917
1010647
1007576
34265
1012697
1012696
1002972
1007582
1010144
1006569
1004523
1010668
1009131
1004015
20466
1012724
1010678
55804
1008125
50686
1008127
