1004033
1000963
1010691
1011717
1012742
1010695
1013260
1006605
1012238
65036
1012752
1008146
1011219
1012248
1001496
1005084
10274
1008163
1012260
1008168
1005096
1012266
51756
1008174
16430
1004080
1003060
1008182
1011256
2108
1012797
1013311
17473
1010755
1012297
1009737
1007689
6738
1012306
1006165
86
1005654
1012312
7254
1012315
1011307
1002094
1008241
1005171
55418
1011323
1005179
6782
1010303
1011845
1012871
7306
1009806
1010319
34960
1012371
1012887
1009309
60575
1011370
1011889
1006261
1012409
1012410
1007293
7361
62155
1006286
1008848
1012432
1012435
1005780
1013469
1012446
1010398
1010401
60649
7410
1013490
1010422
20731
1010939
1011454
1010944
1012999
1012490
10507
6925
6414
1012498
1008404
13590
1007384
1008921
1007385
1013017
1010469
6439
1002793
17708
61747
1004862
1012554
1012556
62299
50525
1009502
33631
1007965
1012065
1012581
1012587
1005931
1005422
1012087
1013112
1011579
1011711
1007997
1011584
1011586
1013635
1005955
1012617
1012618
1012619
1013647
1011089
1008017
1001877
1013654
1012633
7578
1012123
28572
1012124
7582
1012639
1011101
1007514
1011618
1010082
7072
1008553
1001389
1006510
35759
1002927
7606
18871
16825
62911
1013698
1012174
1013713
1013201
1000917
1012695
1012696
1012697
1009626
1010143
1013215
1010144
1011172
1013734
1013223
1009131
1010668
1004015
50161
20466
1012724
55804
50686
1008127
