1004033
1000963
3
1011717
1008138
50188
1012238
1010192
1008146
1011219
52247
1012248
1001496
3607
12313
4636
50202
12318
54300
1005083
1005084
10274
1011742
3108
12837
1012260
1005096
1011241
1012266
51756
1004078
1006127
16430
2104
1011256
2108
17473
1002566
1009737
26698
1007689
591
1008207
1002577
1000018
6738
1009745
1005654
1011799
7254
1007193
1114
32347
7264
1003618
2153
28778
2667
1011307
1010798
1002094
1011310
1008241
4723
1001075
1005171
50296
1000568
1007226
1011323
1000060
6782
1010303
1011845
7306
651
1009806
34960
1006743
1007769
1003674
1003165
60575
1184
1003172
14502
1008807
1011370
1009324
3245
1011889
1006261
1007293
7358
7361
1011906
1008325
62155
17615
1008848
1009360
1005780
2261
64729
2266
1011417
1010401
55521
1008868
6373
1001193
234
60649
237
1000177
1010417
1010422
1010424
20731
1011454
1008125
25086
1005831
10507
6414
1007887
6934
1008408
1007384
1011488
6439
1002793
2859
17708
1009453
1012014
1012013
61747
1004862
62277
2374
1005893
1009989
1011024
1011026
1011541
1000280
1006424
1010009
62299
50016
1005922
1007459
1011557
3432
50539
1005931
10098
60274
1004402
1012084
1012087
19324
1007997
1010556
1011584
1011585
1011586
1005955
7559
1011089
3474
1007507
1010578
1008017
1007514
1012123
1012124
1011101
7072
1003425
1011618
1012129
1004965
1008553
1010601
1011114
1001389
1012141
35759
1007536
1002927
1006510
1459
27571
33717
18871
16825
62911
4036
1010119
1012174
51155
1000917
4054
50647
1007576
34265
1010647
1009630
1007582
1010144
2020
2021
50660
1006569
1004522
1004523
1010668
1009131
1004015
20466
16372
1006069
55804
1002493
50686
1008127
