1004033
1000963
1010691
1010695
1013260
1006605
1012238
65036
1012752
1008146
1011219
52247
1012248
1001496
1005084
1013792
10274
1008163
1012260
1013798
50686
1008168
1005096
1012266
1013291
51756
1008174
16430
1004080
1003060
1008182
1011256
2108
1012797
1013311
17473
1013827
1010755
1012297
1009737
1007689
6738
1012306
1006165
86
1005654
1012312
7254
1012315
1002090
1011307
1012332
1002094
1011310
1008241
1005171
55418
1011323
1005179
6782
1010303
1007744
1011845
1012871
7306
1010319
34960
1012371
1012887
1006743
1009309
60575
1003172
1011370
1011889
1006261
1012409
1012410
1007290
1007293
62155
1006286
1008848
1012432
1012435
1005780
1013979
1013469
1012446
1010398
55521
1010401
1012451
6373
60649
1014001
7410
1010422
1005819
20731
1010939
1011454
1010944
1012999
1012490
10507
1009933
6414
6925
1012498
1008404
1013013
1012504
1008921
1014040
1014043
1007384
1010469
6439
1002793
17708
1004862
1012554
1012556
62299
1010524
50525
1009502
33631
1012065
1005931
1012087
1013112
1011579
1011711
1007997
1011584
1011586
1005955
1012617
1012618
1012619
1013647
1011089
1008017
1001877
1013654
1012633
7578
1012123
1012124
1011101
7582
1012639
1007514
1012129
1011618
1003425
1010082
7072
61351
1012649
1001389
1006510
7606
18871
62911
1013698
1010626
1012174
1013201
1000917
1012696
1012697
1009626
1010143
1013215
1013223
1009131
1010668
1004015
50161
20466
1012724
55804
1008125
25086
1008127
