1004033
1000963
1011717
50188
51214
1010192
1011219
4629
1046
52247
1001496
3607
1005083
54300
1005084
1011742
12318
10274
3108
29220
50686
1005096
4137
1011241
51756
1004078
61998
1072
16430
1008691
1011256
2104
17473
1009735
1010761
1009737
1007689
12363
12874
26698
1008207
1009745
1000018
1002577
1006677
1005654
1011799
7254
1007193
2650
32347
1011290
1010270
7264
31330
1003618
1011299
2153
28778
2667
1011307
1002094
1011310
1008241
1001075
1005171
1011831
1007226
1006715
1000060
1011323
6782
1010303
1006724
1011845
2181
1011338
1009806
34960
4243
1006743
1007769
1003674
1003165
1009309
60575
1009311
1003172
30372
1008807
16044
3245
1009324
6831
1001648
1011889
1006261
1005751
1011906
1004743
1002186
62155
1011406
17615
1008848
1005780
212
2261
1008856
1011928
1011417
1010910
10976
55521
1008868
6373
1009894
1001193
234
1002217
60649
1010416
1000177
1010417
1010422
1010424
2809
20731
1011454
1011971
1005831
10507
6925
6414
1007887
6934
13590
3356
1011488
1007907
1009443
6439
1002793
1000234
17708
1009452
1009453
1010994
1006387
61747
1004862
1002303
16704
1005892
1005893
2374
1009989
1011024
1011026
1007446
1000280
1006424
62299
50525
3933
50016
1005922
1011557
3432
1005931
4463
1010545
10098
1010546
60274
61301
4982
19324
1007997
1010556
1008511
29568
1011584
1011585
1005955
1011586
1011587
7559
1009037
1011598
1011599
1011597
1011089
1010578
1008017
1001877
54166
7578
1007514
1011101
7582
7072
1011618
1010088
1008553
1010601
1011114
1001389
1006510
35759
1002927
1006002
1459
1002931
18871
16825
31674
1010620
1010626
7108
1010119
34251
1009099
1005515
1001423
11215
51155
1000917
1010647
34265
1002972
1009630
2016
1010144
2021
1006569
1004523
1010668
1009131
1004015
20466
16372
53236
1006069
55804
1008125
25086
1008127
