1004032
1004033
1001218
1008125
1008391
61704
10507
6414
1004048
1000720
1008146
1002772
1008916
52247
1001496
29720
1007384
1004067
1008163
1008421
1008935
1005096
1006377
63018
1004075
1008939
1002793
1004078
51756
16430
61747
1008956
1007933
1004862
53310
1007936
17473
1007170
1000006
1007433
1002570
1007689
13900
30797
1009230
55114
53072
1000017
1009745
1008722
60500
1000021
1003862
1009236
86
1007193
1114
1002072
1005654
1007965
1000030
50525
1002592
23133
1010020
1003879
1006183
1007209
53353
1008235
1005931
1008493
1002094
1008241
1005171
1006964
12541
1008506
55418
6782
1006977
1004674
1003651
1005955
1003142
1007238
61320
1006475
1009806
34960
1008017
7254
25235
1001877
1008790
1008280
1007769
1007514
1009051
1009309
1003422
60575
7072
1009311
1001635
1003172
1003684
62888
1001389
35759
6831
1002927
1007541
1006261
1002423
1008821
1006781
1006016
7361
1006790
1010119
24520
1005767
202
62155
1006543
1006804
1000917
1000661
25047
62168
17882
1007582
55521
1007586
1009890
1004773
1001192
1006569
1006057
1004523
1009131
60649
1004015
1008113
20466
1009906
1002743
20731
1005565
50686
