1004032
1004033
1001218
1008898
1006595
1008125
61702
1008391
61704
10507
6414
1004048
1008146
1004053
52247
29720
17689
1004067
1008935
1005096
1006377
63018
1004075
1008939
17708
1004078
1002793
51756
16430
61747
22588
1007933
1004862
53310
1007936
1007170
1000006
1007433
1002570
55114
13900
30797
1009230
53072
1000017
1004881
1004880
60500
1000021
1009236
86
1005654
1007193
7254
7003
1003862
1007965
50525
1006942
1002592
15968
23133
1003879
1006183
1007209
62825
1008235
53353
1008493
1002094
20731
60012
1008241
1005931
1005171
1006964
12541
1008506
6782
1006977
1004674
1003651
14723
1005955
1003142
1007238
1008008
61320
1006475
34960
1008017
25235
12648
1001877
1008280
1007769
1007514
1009051
28572
1009309
60575
7072
1004703
1001635
1003172
1003684
1008293
60581
62888
1000621
1001389
6831
1002927
1007541
1006261
1002423
1008821
1008569
1003705
1006781
1005767
24520
1005515
62155
1006543
1000912
17615
1006804
1000917
1000661
25047
62168
34265
1005780
17882
55521
1007586
1006818
1004773
1001192
1006569
1006057
1004523
60649
1004015
1008113
20466
1008883
1002743
1005819
1005565
50686
