1014273
1010691
1012742
1010695
1013260
1006605
1008146
52247
1001496
1004571
1005084
1014300
1013792
1012260
1015845
1013798
1012266
1004076
1015853
51756
16430
1015345
2108
1015358
17473
1014338
1013827
1015876
1008196
1010755
1014341
62025
1007689
1014860
1014861
1015885
1015377
6738
1012306
1014357
7254
1015895
1012312
1014361
1015898
1013335
1006165
1015908
1014374
1002090
1015402
1010284
1011307
1011310
1002094
1009262
1008241
1011314
1005171
1012332
1013882
1015930
6782
1007744
1015937
1011845
1012871
7306
1015947
34960
1014418
1012371
1008790
62617
1015962
1011865
51868
60575
1012389
1011370
1011889
7346
1006261
1008821
2231
1012409
1007293
1015485
7361
1014979
1012419
62155
1012428
1006286
1001167
1012432
1012435
1005780
6874
1012444
1013469
1012446
1010398
1012451
6373
60649
1015536
1014001
1010422
1005819
20731
1010939
1015039
1012992
1008125
1008902
1012999
61704
1012490
10507
1009933
6414
50448
1012498
1008404
1012504
1008921
1013017
1015579
1013016
1015577
1012000
1014562
64803
32038
6439
1002793
1012521
17708
1012524
1012012
1014062
1012013
1012014
1016115
1012020
1015604
61747
1014073
1012026
1004862
1003332
1012037
1016137
1016138
1012554
1012556
1015130
62299
50525
1009502
1013087
1013088
1014625
1015645
1007965
1015142
1012587
1005931
1006959
1011579
1011711
1007997
1014654
1006463
1014656
1005955
1012617
1014668
1012622
1015696
1008017
1009554
1015700
1015190
1015193
7578
1012123
1012633
1011101
7582
1012639
1011104
1012129
1014178
1003425
7072
1007528
1012649
1001389
1014193
7606
1014199
1015227
1015228
1012670
62911
1015232
1011646
1013698
1008578
1015753
1009613
1014221
1014737
1013201
1012695
1008088
1012696
54746
1012194
1011172
1014761
1010668
1012719
50161
1012722
61427
1014260
1015801
1014266
1008123
55804
1015805
50686
1008127
