1004033
1000963
2052
1011717
1012742
2057
1008138
50188
51214
1012238
1012752
1008146
1011219
52247
1012248
3607
12313
50202
4636
54300
12318
1005084
1011742
1001496
10274
1012771
1012260
1005096
1011241
1012266
51756
1004078
16430
1002545
1011256
54331
2108
1012289
4674
17473
1012297
1009737
1007689
591
1008207
1002577
33874
1000018
6738
1006677
1002070
1005654
1012312
1011799
1009745
32347
7254
1012315
7264
1003618
1009254
2153
28778
2667
1012332
1011307
1010798
1002094
1011310
1008241
4723
1001075
1005171
50296
1007226
1011323
1000060
30846
6782
1010303
1007236
1011845
651
1009806
34960
1012371
1006743
1007769
1003674
29720
1003165
1009309
60575
1184
1003172
1008807
1011370
1009324
1011889
2739
2229
1006261
1012410
1007293
7358
7361
1011906
1008325
1004743
1004744
1002186
62155
17615
1008848
1012432
1012435
212
2261
1005780
64729
2266
1012441
1012442
1011417
1012446
10976
1005793
1010401
55521
1008868
6373
1009894
1012454
60649
1000177
1010417
1010422
1010424
20731
1011454
1008125
25086
1003271
1005831
1012490
10507
6414
1012498
60690
6934
13590
1007384
1008421
6439
1012520
1002793
1004842
2859
17708
1009452
1009453
1010991
1012521
1012306
1010994
61747
1012014
1012013
1004862
16704
1005892
62277
2374
1005893
1009989
1012554
1012556
2895
1011026
1011541
1000280
1006424
62299
50525
50016
1005922
1007459
1011557
1012581
3432
50539
1005931
1012587
10098
60274
61301
4982
1012087
4473
1009531
19324
1007997
1010556
1008511
1011584
1011585
1011586
1005955
1012614
7559
1012617
1012619
1011089
3474
1007507
1010578
1001877
1008017
1012633
1007514
1012123
1012124
32669
1011101
7582
7072
1003425
1012129
1008553
1010601
1012649
1011114
1001389
1006510
35759
1007536
1002927
27571
33717
18871
16825
1008569
1010618
1010619
62911
4036
1012174
1011667
1000917
4054
1012695
1012696
34265
1012697
1010647
1002972
1007582
1010144
2020
2021
1006569
1004522
1004523
1010668
1009131
1004015
20466
16372
53236
1006069
1012724
3577
1008123
55804
1002493
50686
1008127
