1004033
1000963
1010691
1012742
1010695
1013260
1006605
1008146
52247
1001496
1005084
1014300
1013792
10274
1008163
1012260
50686
1013798
1005096
1008168
1012266
51756
1008174
16430
1004080
1003060
1014839
2108
1009728
17473
1014338
1013827
1002564
1010755
1014341
16968
1007689
1014860
1014861
1014862
6738
1012306
1014357
7254
1013335
1012312
1014361
1014374
1002090
1014378
1014379
1012845
1012332
1002094
1011310
1008241
1011307
1009262
1005171
55418
6782
1011845
1012871
7306
1009806
1010319
34960
1012371
1014938
51868
1009309
60575
1009311
1003172
1011370
6831
1011889
1006261
1008821
2231
1012409
1012410
1007293
1006270
1014979
15560
62155
1006286
1012432
1012435
1005780
1012441
1012442
1013469
1012446
1010398
1012451
6373
55528
60649
1014001
1010418
1010422
1014518
20731
1010939
1015039
1015041
1012999
61704
1012490
10507
1009933
6414
1012498
1008404
1014550
1012504
1008921
1013016
1014043
1013017
1015071
1014562
1015076
32038
6439
1002793
1012521
17708
1012013
1014062
1012014
1014576
61747
1015094
1004862
1012554
1012556
1014616
1015130
62299
50525
1009502
1007965
1014625
1015142
1012587
1005931
1014643
1012087
1011579
1011711
1007997
1006463
1014656
1005955
1012617
1012618
1012619
1014668
1008017
7578
1007514
1003420
1011101
7582
1012639
7072
1012129
1011618
1007528
1012649
1001389
1014193
7606
1014199
62911
1010626
1012681
1014221
1013201
1000917
1012695
1012696
1009626
1012194
1011172
1012709
1010668
1004015
50161
1014260
1012724
1014266
55804
1008125
25086
1008127
