1004032
1004033
1001218
1008898
61702
1008391
61704
1004040
10507
1002072
6925
6414
1004048
1000720
1008146
1004053
1004311
1008663
1000729
52247
1008922
29720
1004067
1008935
1005096
1006377
1008681
63018
1004075
1004076
1004078
1002793
51756
16430
61747
62521
1003862
1007933
1004862
53310
1007936
1007170
1008708
1007433
1002570
55114
13900
53072
1000017
1004881
1004880
60500
1000021
86
1004885
1005654
1007193
1114
7003
7254
1007965
50525
1006942
15968
23133
1003879
1006183
1007209
53353
1008235
1005931
1008493
1002094
12648
1008241
6513
1005171
1006964
12541
1008506
6782
1006977
1004674
1003651
1005955
1007238
1003142
61320
34960
1008017
25235
7060
1001877
1006743
1007769
1007514
1003422
60575
7072
1004703
1003172
1003684
60581
62888
1000621
1001389
35759
6831
1002417
1002927
1007541
1006261
1002423
1008821
1007545
1008569
1003705
1006781
1006790
1005767
24520
1008074
1005515
62155
1006543
1000912
1006289
1006804
1005780
25047
62168
17882
55521
1007586
1006818
1004773
1001192
1006569
1006057
1007339
1004523
28392
60649
1004015
1008113
20466
1008883
1002743
20731
1005565
50686
