1004033
1000963
1011717
1012742
1010695
1013260
1006605
1012752
1008146
1011219
1012248
1001496
29720
1005084
10274
1012771
1002532
1008163
1012260
1008168
1005096
1012266
51756
1008174
16430
1004080
1003060
1008182
1011256
2108
1012797
1013311
17473
1012297
1009737
1007689
6738
1012306
1006165
86
1005654
1012312
7254
1012315
31330
1011307
1002094
1008241
1005171
55418
1011323
1005179
6782
1010303
1011845
1012871
7306
1010319
34960
1012371
1012887
1009309
60575
1003172
1011370
1011889
1006261
1012409
1012410
1007293
7361
62155
1006286
1008848
1012432
1012435
1005780
1013469
1012446
1010398
55521
1010401
60649
7410
1013490
33013
1010422
20731
1010939
1011454
1012999
1012490
10507
6925
6414
1012498
1008404
13590
1007384
1008921
1013017
6439
1012521
1002793
17708
1009966
61747
1004862
1012554
1012556
1006424
62299
50525
1009502
33631
1007965
1012065
1012581
1012587
1005931
1005422
1012087
1013112
7546
1011579
1011711
1007997
1011584
1011586
1005955
1012617
1012619
1011089
1008017
1012633
7578
1012123
1012124
1011101
1007514
1012639
7072
1003425
1011618
1010082
1008553
1011114
1001389
1006510
35759
1002927
1009588
7606
16825
62911
1012174
1013201
1000917
1012696
1012697
1009626
1010143
1013215
1010144
1011172
1013223
1004523
1010668
1009131
1004015
50161
20466
55804
1008125
50686
1008127
