2049
1004033
1000963
1011717
2057
1008138
50188
51214
1010192
1011219
4629
52247
3607
1001496
29720
1005083
54300
1005084
1011742
10274
3108
29220
1005096
1011241
51756
1004078
1006127
16430
1011256
1011770
1011771
1011772
2108
17473
1009737
26698
12363
1007689
1011789
1008207
1002577
1000018
6738
1009745
1006677
1002070
1005654
1011799
1011289
1007193
32347
7254
1010270
7264
31330
1011299
28778
2667
1011307
1002094
1011310
1008241
1001075
1005171
1000568
1007226
1011323
1000060
6782
1010303
1006724
2181
1011845
651
1009806
34960
1011858
1010546
1006743
1007769
1003674
1003165
1009309
60575
1009311
1003172
30372
1008807
16044
1009324
1011889
1006261
1005751
1007293
7358
7361
1011906
1004743
1004744
1002186
62155
1011406
17615
1008848
1009360
212
2261
1005780
1008856
64729
1011417
1010910
1010401
55521
1008868
6373
1009894
1001193
234
60649
237
1010416
1000177
1010417
1010422
1010424
20731
1011454
1008125
1011971
25086
1005831
10507
6414
1007887
60690
6934
13590
796
3356
1011488
1007907
6439
1002793
1004842
2859
17708
1009453
1012014
61747
1006397
1004862
1002303
16704
64322
62277
2374
1005893
1011024
1011026
1007446
1011542
1000280
1006424
1011543
1011544
62299
50525
3933
50016
1005922
1011557
3432
1005931
10098
1012083
60274
61301
4982
1004402
1009011
4473
1012084
1012087
26492
19324
1007997
1008511
1011584
1011585
1011586
1005955
1010556
7559
1011598
1011599
1011089
3474
1007507
1010578
1001877
54166
1008017
7578
1007514
1011101
7072
1003425
1011618
1010083
1010082
1010088
1008553
1010601
1011114
1001389
1006510
35759
1007536
1002927
1459
27571
18871
16825
31674
1010620
1010626
2498
1010119
1005515
1010636
1001423
1000917
4054
1010647
1007576
34265
1009630
1007582
2016
1010144
50660
2021
1006569
1004522
1004523
1010668
1004015
20466
55804
1002493
50686
1008127
