1004033
1010691
1011717
1012742
1010695
1013260
1006605
1012238
1012752
1008146
1011219
52247
1001496
1012248
1005084
1014300
1013792
10274
1008163
1012260
50686
1013798
1005096
1008168
1012266
1013291
51756
1008174
16430
1004080
1003060
2108
1012797
53310
1013311
17473
1014338
1013827
1010755
1014341
1014342
16968
1012297
1009737
1007689
6738
1012306
1014357
1005654
1013335
1012312
1014361
7254
1012315
1006165
1014374
1002090
1014379
1014378
1012332
1002094
1011307
1011310
1008241
1005171
55418
1011323
6782
1010303
1011845
1012871
7306
1010319
34960
1012371
1012887
1014427
1009309
60575
1009311
1003172
1011370
6831
1011889
1006261
1008821
2231
1012409
1012410
1007293
1006270
62155
1006286
1012432
1012435
1005780
1012441
1012442
1013979
1013469
1012446
1010398
1010401
1012451
6373
60649
1014001
7410
1010418
1010422
1005819
20731
1010939
1010944
1012999
1012490
10507
1009933
6414
1012498
1008404
1013013
1012504
1013017
1014043
1010469
32038
6439
1002793
1012521
17708
1012013
1014062
1012014
61747
1004862
1012037
1012554
1012556
62299
50525
1009502
33631
1012065
1012587
1005931
1012087
1013112
1011579
1011711
1007997
1011584
1005955
1012617
1012618
1012619
1011089
1008017
1012633
7578
1012123
1012124
7072
1012129
1011618
1003425
1010082
1007528
1012649
1001389
1014192
1014193
7606
18871
1014199
1012670
62911
1013698
1010626
1012681
1014221
1012174
1000917
1012696
1012697
1009626
1010143
1013215
1012194
1011172
1013223
1009131
1010668
1004015
50161
20466
1014260
1012724
6647
1014266
55804
1008125
25086
1008127
