1016321
1014273
1010691
1016326
1010695
1012742
1013260
65036
1006605
1016332
1008146
52247
1001496
1004571
1005084
1014300
1012260
1013798
1012266
51756
1015853
16430
1016377
1008185
1001471
2108
17473
1013827
1015876
1010755
1014341
62025
1007689
1014860
54861
1015885
1015377
6738
1012306
1014357
7254
1015895
1012312
1006165
1015898
1012324
1014374
53353
1002090
1011307
1012332
1002094
1011310
1010800
1008241
1009262
1005171
1015930
1012864
1007744
1011845
1012871
7306
1015947
1009806
34960
1012371
1006743
51868
60575
1011370
1011889
7346
1006261
1008821
2231
1012409
1007293
1015485
7361
62155
1012428
1006286
1012432
1012435
1005780
1012441
6874
1012442
1013469
1012446
1010398
1012451
6373
60649
1014001
1010422
20731
1014523
1010939
1015039
1008902
1012999
61704
1012490
10507
1009933
6414
50448
1012498
1008404
1012504
1008921
1013017
1015579
1013016
1014043
1015577
1012000
32038
6439
1002793
1012521
17708
1012013
1014062
1012014
1016115
1012020
1015604
1015094
61747
1014587
1004862
1003332
1012037
1016137
1016138
1012554
1012556
1015130
50525
1009502
1007965
1013088
1012587
1005931
1006959
1011579
1011711
1007997
1006463
1014656
1005955
1012617
1016203
1014668
1012619
1008017
1015186
1015700
1012633
7578
1012123
28572
1011101
1007514
1012639
7072
1003425
1011618
1010082
1012129
1007528
1012649
1001389
1006510
1014193
1016242
7606
1014199
1015227
1015228
62911
1015232
1008578
1009613
1014221
1012695
1010647
54746
1012194
1016291
1011172
1014761
1010668
50161
1012722
61427
1014260
1015801
1014266
1008123
55804
1008125
50686
1008127
