1004032
1008391
61704
10507
1004048
1000720
1004053
1008163
1008421
1008935
1006377
63018
1004075
1004078
1008956
1007933
1007936
1007170
1000006
1007433
1001034
1002570
13900
30797
1009230
1000017
1004881
1000021
1003862
1007965
1000030
50525
1002592
1003879
1007209
1008493
1006964
1008506
6782
1006977
1004674
1003651
1006475
1003422
65697
1003172
1003684
1001389
1006510
35759
6831
1007541
1002423
1006781
24520
202
34251
1006543
25047
62168
1007586
1004773
1006569
1007593
1006057
1008113
20466
1005565
50686
1008127
