1004032
1004033
1001218
1008391
61704
1004040
10507
6925
6414
1004048
1000720
1008146
1004053
1004311
1008663
1000729
1003801
52247
29720
1004067
1005096
1006377
1008681
63018
1004075
1002793
1004078
51756
16430
61747
1008185
62521
1007933
1004862
1007936
1344
1007170
1007433
1002570
55114
13900
53072
1000017
1004881
1004880
60500
1000021
86
1005654
1004885
1007193
1003862
1002072
1007965
50525
1006942
15968
23133
31330
1003879
1006183
53353
12648
1005931
1008493
1008750
1002094
1008241
1005171
1006964
1008506
6782
1006977
1004674
1003651
1008513
1005955
1003142
1008008
61320
1006217
34960
1003664
1008017
25235
7060
1001877
1007514
1003422
60575
7072
1004703
1003172
1003684
60581
62888
1000621
1001389
35759
6831
1002417
1002927
1008820
1007541
1006261
1002423
1007545
1003705
1006781
24520
1008074
34251
1005515
62155
1000912
1006289
1006804
1005780
25047
62168
17882
55521
1007586
1006818
1004773
1001192
1006569
1007593
1007339
1006057
1004523
60649
1004015
1008113
20466
20731
12541
50686
