1004033
1000963
1010691
1012742
1010695
1013260
1006605
1008146
52247
1001496
1005084
1014300
1013792
10274
1008163
1012260
50686
1005096
1008168
1012266
51756
1008174
16430
1004080
1003060
1014839
2108
17473
1014338
1013827
1010755
1014341
16968
1012297
1007689
1014860
1014861
6738
1012306
1014357
7254
1013335
1012312
1014361
1014374
1002090
1014379
1014378
1012332
1002094
1011307
1011310
1008241
1005171
6782
1011845
1012871
7306
1009806
1010319
34960
1014418
1012371
1014938
1009309
60575
1009311
1003172
54953
1011370
6831
1011889
1006261
1008821
2231
1012409
1012410
1007293
1006270
7361
62155
1006286
1012432
1012435
1005780
1012441
1012442
1013469
1012446
1010398
1012451
6373
60649
1014001
7410
1010418
1010422
1014518
20731
1010939
1012999
61704
1012490
10507
1014538
1009933
6414
1012498
1008404
1012504
1008921
1013016
1013017
1014043
1014562
32038
6439
1002793
1012521
1012013
1014062
1012014
1014576
61747
1014584
1014587
1004862
1014595
1012554
1012556
1014616
62299
50525
1009502
1012065
1014625
1012587
1005931
1012087
1011579
1011711
1007997
1014656
1005955
1012617
1012618
1012619
1014668
1008017
1013654
7578
1007514
1003420
1011101
1012639
7072
1012129
1011618
1003425
1010082
61351
1007528
1012649
1001389
1014192
1014193
7606
18871
1014199
62911
1013698
1010626
1012681
1014221
1013201
1000917
1012695
1012697
1009626
1012194
1011172
1012709
1010668
1004015
50161
1014260
1014266
55804
1008125
25086
1008127
