52247
1001496
29720
10274
16430
61487
53310
17473
1007689
1002570
51273
30797
1009745
60500
86
1005654
7254
1114
1002592
53353
55418
1004674
1003651
1009806
34960
1007769
60575
1001635
1003684
1008821
1006781
1005767
202
1006804
1005780
55521
1004773
60649
1000685
1009906
1002743
20731
61702
61704
10507
6414
1000720
1002772
1008916
1008935
1002793
1008939
61747
1008956
1007933
1004862
1007936
1003862
1007965
50525
1010020
1003879
1005931
1006964
1006977
1005955
1008017
1001877
1010082
62888
1002927
1010119
1000917
25047
34265
17882
1010144
1006057
1009131
1004015
1008113
1008125
50686
1004032
1004033
1004048
1010192
1008146
1004053
1004067
1008163
1005096
63018
1004075
51756
1004078
1007170
1000006
13900
1009230
1000017
1000021
1002072
1007193
23133
1000030
1006183
1007209
1008235
1002094
1008241
1005171
6782
1003142
1007238
25235
1008280
1009309
1009311
1003172
6831
1006261
62155
62168
10972
50922
1001218
1008391
6925
1007384
1008421
1006377
1009471
1007433
55114
53072
1008493
1008506
61320
1006475
1009554
1007514
1003422
7072
1001389
35759
1007541
1002423
24520
1005515
1006543
1007582
1007586
1006569
1004523
20466
1005565
