1014273
1010691
1012742
1010695
1013260
1006605
65036
1008146
52247
1001496
1005084
1013792
1008163
1012260
1013798
1008168
1005096
1012266
51756
16430
1004080
1014839
2108
17473
1014338
1010755
1014341
16968
62025
1007689
1014860
1014861
1015377
6738
1014357
7254
1013335
1012312
1014361
1006165
1014374
1002090
1014379
1012332
1012845
1011307
1002094
1011310
1008241
1009262
1005171
6782
1011845
1012871
7306
34960
1014418
1012371
1014938
51868
1009309
60575
1009311
1012389
1011370
6831
1011889
7346
1012402
1006261
1008821
2231
1012409
1015481
1007293
1015485
7361
1014979
1012423
1012428
1006286
1001167
1012432
1012435
1005780
1013469
1012446
1010398
1012451
6373
60649
1015536
1014001
30964
1010422
1005819
20731
1010939
1015039
1015041
1008902
1012999
61704
55560
1012490
10507
1009933
6414
1015566
50448
1012498
1008404
1012504
1008921
1013017
1005339
1014043
1013016
1015577
1015071
1014562
1015076
32038
6439
1002793
1012521
17708
1015596
1014062
1012014
61747
1012020
1015604
1015094
1004862
1003332
1012554
1012556
1015130
62299
50525
1009502
1015645
1013088
1014625
1007965
1015142
1012587
1005931
1006959
1012087
1011579
1011711
1007997
1006463
1014656
1005955
1012617
1012619
1014668
1015696
1008017
1015186
1009554
1015193
7578
1012123
1007514
1011101
1015198
1012639
7072
1015713
1003425
1010082
61351
1007528
1012649
1001389
1006510
1014193
7606
1014199
1015227
1015228
1015230
62911
1015232
1012670
1010626
1008578
1012676
1014221
1014737
1012695
1008088
1012696
54746
1009626
1012194
1011683
1011172
1014761
1010668
50161
1012722
1014260
1012724
1004025
1014266
55804
1008125
50686
1008127
