1004033
1000963
1011717
1010695
1013260
1006605
51214
1012238
1012752
1008146
1011219
52247
1012248
1001496
1006616
1005084
10274
1012771
1008163
1012260
50686
1005096
1012266
51756
16430
1003060
1011256
2108
1012797
1013311
17473
1012297
1009737
1007689
6738
1012306
1006165
7254
1005654
1012312
1012315
7264
31330
28778
1011307
1012332
1002094
1008241
1005171
61562
55418
1005179
6782
1010303
1006724
1011845
34960
1012371
1012887
1009309
60575
1003172
1011370
1011889
1008820
1008821
1006261
1007293
7358
7361
1009355
62155
1006286
1008848
1012432
1012435
1005780
1012441
1012442
1012446
1010398
55521
1010401
1008868
6373
13541
60649
1010417
7410
1010422
1012983
1010939
20731
1011454
15616
1012999
1012490
10507
6414
1012498
1008404
13590
1007384
1008921
1008923
6439
1012521
1002793
1010994
61747
1004862
1004354
1012554
1012556
1006424
62299
50525
33631
1012065
1011557
1012581
3432
50539
1012587
1005931
1011062
1012087
1013112
7546
1011579
1011711
1007997
1011584
1011585
1011586
1005955
1012617
1012619
3984
1008017
1011089
1012633
7578
1007514
1012124
1011101
7582
1012639
7072
1012123
1011618
1010082
1003425
1012129
1008553
1012649
1011114
1001389
55725
35759
1002927
1009588
33717
7606
16825
62911
1010626
1012174
1013201
1000917
1010647
1012696
34265
1012697
1002972
1007582
1013215
1010144
1013223
1004523
1010668
1009131
1004015
20466
1010678
55804
1008125
25086
1008127
