1004033
1012226
1000963
2052
1011717
1012742
1010695
1008138
50188
51214
1012238
1012752
1000978
1011219
1008146
1012242
52247
1012248
1001496
26
50202
4636
54300
12318
1005084
1006616
1011742
10274
1012771
51748
1012260
50686
1005096
1011241
1012266
51756
16430
1002545
1003060
1012792
2104
1011256
2108
1012797
17473
4674
1009735
1012297
26698
1009737
1007689
1011791
591
1002577
33874
1000018
1008207
6738
1002070
1005654
1012312
1007705
1011290
1011799
7254
1012315
1010270
7264
1003618
2153
28778
2667
1012332
1011307
1002094
1011310
1008241
4723
1001075
1005171
50296
1000568
1007226
1011323
1006165
1005179
30846
6782
1010303
1011845
1012871
7306
1009806
34960
1012371
1006743
1012887
1007769
29720
1003165
1009309
60575
1184
1003172
1011370
16044
3245
2735
1011889
2739
2229
1006261
1012410
1007293
7358
7361
1011906
1011907
1008325
1002182
1004743
1004744
1009350
1002186
62155
1001167
1012432
17615
1012435
1005780
2261
1008856
64729
2266
1012441
1012442
1011417
1012446
1010398
1010401
55521
1008868
6373
1009894
1012454
60649
28907
1001198
1010417
7410
1010422
1002743
1010424
20731
1010939
1011454
1008125
31490
1012490
10507
6925
6414
1007887
1012498
1008404
6934
13590
1007384
1008921
796
6439
1012520
1002793
1012521
2859
1012306
1010991
1010994
61747
1004862
16704
1005891
1005893
52553
1012554
1012556
1011024
1011026
1011541
1007446
1006424
62299
50525
1009503
50016
1005922
1007459
1011557
3432
50539
1012587
1005931
10098
60274
1012084
1012087
4473
1009531
1011579
19324
1007997
1012095
1011584
1011711
1011586
1011587
1005955
7559
1012617
1012619
3984
1011089
1010578
1008017
1012119
1012633
1007514
1012123
1012124
1011101
1012639
7072
1003425
1011618
1010082
1012129
1004965
1012134
1010601
1012649
1011114
1001389
1006510
35759
1002927
1459
27571
33717
7606
18871
1011640
16825
1010618
1009588
1010620
62911
4036
1012174
1000917
4054
1010647
1007576
34265
1012696
1012695
1002972
1012697
1007582
2016
1010144
2020
2021
1006569
1004523
1010668
1009131
1004015
20466
53236
1012724
1002493
25086
1008127
