1004033
1000963
1010192
10258
1011219
1008146
52247
1001496
1011223
29720
10274
50686
1005096
1011241
1004075
51756
1004078
16430
1011256
2108
17473
1010755
1009737
1009745
86
1005654
1002072
1007193
7254
31330
1007209
1011307
1002094
1011310
1005171
1011323
6782
1010303
1007236
1007238
1010825
34960
1008790
1008280
1007769
1009309
60575
1009311
1001635
1003172
1011370
6831
1008820
1006261
7361
62155
17615
1006804
1000661
1005780
1011417
55521
1001193
60649
1010422
1010424
1010944
1010945
1010946
10507
6414
6934
1011488
1010978
1002793
61747
1004862
64323
1010506
1011021
7506
62299
50525
1010020
1005931
1010556
1005955
1011089
1008017
1011092
1001877
7578
1007514
1011101
7072
1003425
1011618
64419
1010082
1001389
1006510
35759
1002927
1011634
62901
16825
1010119
34251
1005515
1000917
34265
1007582
1010144
1006569
1011178
1004523
1010668
1009131
1004015
20466
61427
1008123
55804
1008125
25086
1008127
