1004033
1010192
1011219
1004053
52247
1001496
1011223
29720
10274
50686
1005096
1011241
1004075
51756
1004078
2108
17473
1010755
1009737
1009745
86
1005654
1002072
1007193
7254
23133
31330
1010275
1007209
1011307
1002094
1011310
1005171
55418
1011323
6782
1010303
1007238
1009806
34960
1010320
1008280
1009309
60575
1009311
1001635
1003172
54953
1011370
6831
1008820
1006261
1008821
17615
1006804
1005780
1011417
55521
1010401
6373
1001193
1010422
1010424
20731
1010945
61193
10507
1010956
6925
6414
1010978
1002793
17708
1004862
64323
1010506
1011021
7506
1003862
62299
50525
1010020
1010556
1005955
1011080
1011089
1008017
1011092
1001877
1007514
1011101
7072
1003425
64419
1001389
1006510
35759
1002927
62901
16825
1010626
1010119
34251
1005515
1000917
34265
1007582
1010144
1006569
1011178
1004523
1010668
1009131
20466
61427
55804
1008125
25086
1008127
