1004033
1004048
1010192
10258
1011219
1004053
52247
1001496
1011223
29720
10274
1008163
1005096
1011241
1004075
51756
1004078
2108
17473
1009737
1009745
86
1005654
1002072
1011289
1007193
7254
23133
1007209
1002094
1005171
55418
6782
1010303
1007238
1003142
1009806
34960
1010320
1006743
1008280
1009309
60575
1001635
1003172
6831
1008820
1006261
1008821
7361
1010882
1001169
1005780
55521
1010401
6373
1001193
1010422
1010424
10507
6414
1010978
1002793
17708
64323
1011021
7506
62299
50525
1010020
6513
1010556
1005955
1011089
1008017
1011092
1001877
1011094
1007514
1011101
7072
1003425
1010082
1001389
1006510
35759
1002927
62901
16825
1010119
34251
1005515
1010641
1000917
1010647
34265
17882
1007582
1010144
1011172
1004523
1010668
1009131
20466
61427
1008125
50686
1008127
