7178
52247
29720
16430
7215
53310
1009737
1002570
1007689
30797
1009745
60500
86
1005654
7254
1002592
53353
1004674
1003651
1009806
34960
1007769
60575
1001635
1003684
60581
1008821
1006781
1006790
1005767
202
34003
1006804
1000661
1005780
55521
1004773
6373
60649
25838
1008883
1002743
20731
1007868
12541
61702
61704
10507
6414
1000720
1002772
1008916
1003803
1008935
1002793
1008938
1008939
17708
61747
1008956
1007933
1004862
1007936
1004881
1003862
1007965
50525
1003879
1005931
1006964
1006977
1005955
1008017
1001877
62888
60841
1002927
17855
17856
1000912
1000917
25047
34265
17882
1006057
1009131
1008113
1008125
50686
1004032
1004033
6664
1004045
1004048
1008146
1004053
1004067
1008163
1005096
63018
1004075
51756
1004078
1007170
1000006
13900
1009230
1000017
1009236
1000021
1002072
1007193
23133
1000030
1006183
1007209
1008235
60012
1002094
1008241
1005171
6782
1003142
1007238
25235
1008280
1009309
1003172
6831
1006261
1007306
62155
62168
1001192
1002228
1001218
1008391
1008421
1006377
64323
1003334
1007433
55114
53072
1008493
1008506
61320
1006475
7060
1007514
1003422
7072
1001389
1007541
1002423
24520
12236
1009613
1006543
1007586
1008614
1006569
1004523
20466
1005565
