1004033
1000963
1011717
1010695
1006605
51214
1012238
1012752
1008146
1011219
52247
1012248
1006616
1001496
29720
1005084
1012771
1008163
1012260
1005096
1012266
51756
16430
1003060
1011254
1011256
2108
1012797
53821
17473
1012292
1012297
1009737
1007689
1012299
591
6738
1012306
1006165
1005654
7254
1012312
1114
1012315
7264
31330
7269
28778
1011307
1012332
1002094
1010799
1011310
1008241
1001075
1005171
61562
1011323
1005179
1006717
6782
1010303
1011328
1006724
1011845
1012871
7306
34960
1012371
1012887
1006743
1009309
60575
1009311
1003172
1011370
1011889
1011891
1008820
1006261
1008821
1012410
1007293
7358
7361
1010882
1004743
62155
1006286
17615
1008848
1012432
1012435
1005780
2261
1012952
1012441
1012442
1012446
1010398
55521
1010401
1008868
6373
60649
1010417
7410
7411
1003761
1010422
1002743
1012983
1010423
20731
12541
1011454
15616
25086
1012999
61702
1012490
10507
6414
1012498
61204
6420
6934
13590
1007384
1008921
1011990
796
6439
1002793
1012521
1010994
61747
12598
1004862
25407
16704
1004354
61767
1012554
55114
1012556
1001299
1010516
1010517
1006424
50525
1012065
1012066
1011557
1012581
3432
50539
1012587
1012087
1013112
1011579
1011711
1007997
1012095
1011584
1011585
1011586
1005955
1006463
1004929
1011589
1012617
1012619
17293
3984
1011089
1008017
1001877
1012633
1007514
1012123
1012124
1009051
1011101
1012639
7582
1012129
1003425
1010082
1009052
1012640
7072
7070
1008553
1012649
1011114
1001389
55725
1002927
35759
1006510
1459
1009588
33717
7606
1013174
16825
62911
1012671
1006016
1013188
1010629
1012168
1012681
1012684
1011660
1012174
1013201
1000917
1012694
1010647
1012696
34265
1012697
1007576
1002972
1012187
1013214
1013215
1010144
1007582
1009131
1004523
1010668
1004015
20466
1012724
1010678
1006075
55804
1008125
50686
1008127
