1004033
1000963
2052
1011717
54285
62990
1010192
1008146
1011219
1046
52247
3607
1001496
26
29720
1011741
12318
61469
1011742
10274
20004
38
50686
1005096
4137
1011241
1006124
51756
1004078
16430
1008691
2104
1011256
1001471
2108
17473
1002566
1009735
1009737
26698
1007689
1002577
1009745
1006677
1002070
86
1005654
1007193
12378
1011799
7254
1003618
1011299
31330
11877
1007209
2153
2667
1008235
1011307
1002094
1011310
1008241
1005171
26231
6782
1010303
2181
651
34960
1008790
1006743
1007769
1009309
60575
1009311
1001635
1003172
30372
54953
1011370
6831
54452
33973
1008820
1005751
1006261
1011391
1002186
62155
17615
1005780
1000661
1011417
1010910
55521
52962
1008868
60133
1009894
6373
1001193
234
60649
237
1010416
1000177
1010417
1010422
1010424
24314
20731
12541
10507
6925
6414
6934
796
1011488
54053
6439
1002793
1000234
17708
33070
61747
1010487
1006397
1004862
1002303
16704
1005892
62277
1005893
31057
1011026
1007446
62299
50525
50016
1007459
1010020
1005931
61301
19324
26492
1007997
1010556
1011585
1011586
1005955
7559
1009037
1011089
3474
1007507
1010578
1001877
1008017
7578
1007514
1011101
7072
1003425
1011618
12712
1008553
1010088
1010601
1001389
1006510
35759
1002927
1459
27571
1011640
16825
1010119
34251
1005515
1000917
1010647
34265
1009630
2016
1010144
1011171
1008102
1006569
1004523
1010668
1009131
1004015
20466
61427
54778
55804
1008125
25086
1008127
