1004033
1000963
1011717
54285
1010192
1008146
1011219
4629
1046
52247
1001496
22037
26
61469
12318
1011742
10274
20004
50686
1005096
4137
1011241
51756
1004078
16430
1072
2098
2104
1011256
1001471
2108
17473
1009735
1009737
26698
1007689
1002577
1009745
1002070
1005654
1011799
1007193
12378
7254
1010270
31330
1011299
11877
2153
2667
1011307
1002094
1011310
1008241
1005171
26231
1011323
6782
1010303
1006724
2181
1011845
34960
1009309
60575
1009311
1001635
1003172
30372
1011878
54953
1011370
16044
6831
54452
1008820
1006261
62155
26320
1008848
1009360
212
1005780
1011417
1010910
55521
1008868
60133
1009894
6373
1002217
1001193
60649
1010416
1000177
1010417
1010422
1002743
1010424
24314
20731
2306
10507
6414
6934
3352
796
1011488
6439
1002793
1000234
17708
61747
1006397
1004862
1002303
16704
64322
62277
1011024
1007446
62299
50525
50016
1005922
1010020
3432
1005931
61301
19324
1007997
1010556
1011585
1011587
1005955
7559
1009037
1011089
1008017
1007507
1001877
7578
1007514
1011101
7582
7072
1011618
1004965
12712
1008553
1010088
1001389
1006510
35759
1007536
1002927
1459
27571
18871
1011640
16825
1010626
1010119
34251
1005515
1000917
1010647
34265
1009630
1010144
1006569
1004523
1010668
1009131
20466
55804
1008125
25086
1008127
