10258
52247
1001496
29720
10274
16430
61487
53310
17473
1008707
1002570
30797
1009745
86
1005654
7254
1114
1002592
7273
53353
55418
1004674
1003651
1009806
34960
1007769
65697
1001635
1003684
1008821
1006781
1006804
1000661
1005780
55521
1004773
6373
60649
1009906
7411
1002743
20731
61702
61704
10507
6414
1000720
1002772
1008916
1008935
1002793
1008939
61747
1008956
1007933
1004862
1007936
1003862
1007965
50525
1010020
1003879
1005931
1006964
1006977
1005955
1008017
1002927
1010119
1000917
34265
17882
1010144
1006057
1009131
1004015
1008113
1008125
50686
1004032
1004033
1004048
1010192
1008146
1004053
1004067
1008163
1005096
63018
1004075
51756
1004078
1007170
53829
1000006
1001034
13900
1009230
1000017
1000021
1002072
1007193
23133
1006183
1007209
1008235
1002094
1008241
1005171
6782
1010303
1010304
1003142
1010320
25235
1008280
1009309
1009311
1003172
6831
1006261
1007293
62155
62168
1010399
1010401
1001193
50922
1010422
1010424
1008391
1007384
1006377
64323
1007433
55114
1008493
1008506
1006463
61320
1006475
1009554
1007514
28572
1003422
7072
1001389
35759
1007541
1002423
24520
1005515
1006543
1007586
1006569
1004523
20466
1002484
1005565
