1004033
1000963
1011717
62982
1010695
1012742
1012238
51214
1012752
1000978
1011219
1008146
52247
1012248
12313
1006616
1001496
54300
1005084
1011742
1004571
29720
10274
1012771
1008163
1012260
1005096
1011241
1012266
51756
16430
1003060
1011256
1012792
2108
1012797
53821
17473
1012297
1009737
1007689
1012299
591
1011791
1012306
1008722
6738
1006165
1002070
1005654
1012312
1007705
12378
1012310
7254
1012315
7264
31330
7269
28778
1011307
1012332
1002094
1011310
1008241
1001075
1005171
50296
61562
1011323
1005179
30846
6782
1011328
1010303
1006724
1011845
1012871
7306
34960
1012371
1012887
1007769
1009309
60575
1009311
1003172
1011370
1011889
1011891
1008820
1006261
1010360
1012410
1007293
7358
7361
1010882
1004743
62155
1008848
1012432
1012435
1005780
2261
1008856
1012952
1012442
1012441
1012446
1010399
1010398
55521
1010401
1008868
6373
60649
1010417
7410
7411
1003761
7070
1010422
1012983
1010423
20731
1010939
1011454
15616
3842
25086
1012999
1003271
61702
1012490
10507
6925
6414
1007887
1012498
61204
6420
6934
13590
1007384
1008921
1011990
796
6436
6439
1012520
1002793
1013033
1012521
1010991
1010994
61747
12598
1009052
1004862
16704
1013058
1004354
61767
1012554
55114
1012556
1013068
1011026
1001299
1010516
1011541
1007446
1011030
1006424
1012057
1010517
62299
50525
1007965
1012065
1013090
1007459
1011557
1012581
3432
1008489
50539
1005931
1012587
1013106
1012084
1012087
1013112
1011579
26492
1007997
1011711
1012095
1011584
1011585
1011586
1005955
1006463
1004929
1011589
7559
1012617
1012619
17293
3984
1011089
1008017
1001877
1012633
1007514
1012123
28572
1012124
1009051
1012639
7582
1012129
1011618
1003425
1011101
1010082
7072
1010599
1008553
1012649
1011114
1001389
1002927
27571
1009588
33717
7606
18871
16825
62911
1012671
1006016
1010629
1012168
1012681
60873
1012684
1012174
1000917
1012694
1010647
1012696
34265
1012697
1007576
1002972
1007582
1010144
1006569
1009131
1004523
1010668
1004015
20466
1012724
1010678
1006075
55804
1008125
50686
1008127
