1004032
1004033
1008898
1008125
61702
1008391
61704
1004040
10507
6925
6414
1004048
1000720
1008146
1004053
1004311
52247
1000729
29720
1004067
1008935
1005096
1006377
1008681
63018
1004075
1004076
1004078
1002793
51756
16430
61747
62521
1008955
1007933
1004862
53310
1007936
1007170
1007433
1002570
1007689
13900
55114
53072
1000017
1004881
1004880
60500
1000021
86
1004885
1005654
1007193
7254
1003862
1002072
1007965
50525
1006942
15968
23133
1003879
1006183
1007209
53353
1008235
1005931
1008493
1002094
20731
1008241
1005171
1006964
12541
1008506
6782
1006977
1004674
1003651
1005955
1003142
1007238
1008008
61320
1006217
34960
1008017
25235
1001877
1006743
1007769
1007514
1009051
28572
1007517
1003422
60575
7072
1003172
1003684
1008293
60581
62888
1000621
1001389
35759
6831
1002417
1005819
1002927
1007541
1006261
1002423
1008821
1007545
1008569
1003705
1006781
1005767
24520
1008074
1005515
62155
1006543
1000912
1006289
1006804
1000917
1000661
25047
62168
1005780
17882
1007586
1006818
1004773
1001192
1006569
1006057
1007339
1004523
60649
1004015
1008113
20466
1002484
1006075
1005565
50686
