1004032
1004033
1008125
1008391
61704
10507
6925
6414
1004048
1000720
1004053
52247
1001496
29720
1008163
1008935
1005096
1006377
63018
1004075
1002793
51756
1004078
1008956
1007933
1007936
17473
64323
1010755
1000006
65094
1007433
1001034
1002570
1009737
30797
1009230
1000017
1004881
1009745
7506
1000021
86
1005654
1002072
1007193
7254
62299
62547
1007965
1000030
50525
1002592
23133
1010020
1003879
1007209
1008493
1002094
6513
1005171
1006964
1008506
55418
1010556
6782
1010303
1006977
1004674
1003651
1005955
1007236
1003142
1007238
1006475
1009806
34960
1008017
1010320
1001877
1008280
1007514
1009309
1003422
1009311
7072
65697
1010082
1001635
1003172
1003684
1001389
1006510
35759
6831
1002927
1008820
1007541
1006261
1002423
16825
1006781
7361
1010882
1010626
1010119
24520
202
34251
1005515
1006543
17615
1001169
1005780
1000917
25047
62168
34265
1010647
17882
1007582
1010144
55521
1007586
1010401
1004773
6373
1006057
1001193
1004523
1010668
1009131
1008113
20466
1010422
1005565
50686
1008127
